#10000000,4000000,4000000,400000,4000000
#10000000,4000000,4000000,400000,4000000,4000000,4000000,4000000,4000000,4000000,4000000,4000000,4000000,4000000,4000000,4000000,4000000
#10000000,4000000,4000000,4000000,4000000,4000000,4000000,4000000,4000000,4000000,4000000,4000000,4000000,4000000
#5000000,3000000,-1,1700001,2000000,2000000,-1,-1,-1,-1,-1,2300000,2400000,2450000,2450000,2450000,2450000,1000000,1000000,1000000,1000000
 # 5000000,-1,1000000,1000000,-1,-1,-1,1000000,2000000,-1,-1,2300000,2400000,2450000,2450000,2450000,2450000,1000000,1000000,1000000,1000000
#5500000,3000000,-1,2000001,2000000,2000000,2000000,2000000,2000000,2000000,2000000,2000000,2000000,2000000,2000000,2000000,2000000,2000000,2000000,2000000,2000000,2000000,2000000

# Host
# 10000000,5000000,5000000,5000000,5000000,5000000,5000000,5000000,5000000,5000000,5000000,5000000,5000000,5000000,5000000,5000000,5000000
10000000,5000000,5000000,5000000,5000000,5000000,5000000,5000000,5000000,5000000,5000000,5000000,5000000,5000000,5000000,5000000,5000000,5000000,5000000,5000000,5000000,5000000,5000000,5000000,5000000,5000000,5000000,5000000,5000000

# Guests
# Notice: First sample of guests will not applied, because guest manager starts after that.
4000000,2000000,-1,-1,-1,-1,-1,-1,-1,-1,-1,2000000,2000000,2000000,2000000,2000000,2000000,2000000,2000000,2000000,2000000,2000000,2000000,2000000,2000000,2000000,2000000,2000000,2000000,2000000,2000000,2000000,2000000,2000000,2000000,2000000,2000000
4000000,3500000,-1,-1,-1,-1,2000000,2000000,2000000,2000000,2000000,2000000,2000000,2000000,2000000,2000000,2000000,2000000,2000000,2000000,2000000,2000000,2000000,2000000,2000000,2000000,2000000,2000000,2000000,2000000,2000000,2000000
